b 0 369 372 536 535 337 339 342 335 537 54 67 403 398 397 402 400 66 412 55 70 426 378 373 60 58
b 1 484 87 75 103 102 15 74 466 465 469 392 242 241 238 237 226 225 239 396 385 389 62 388 34 386
b 2 149 18 146 145 129 206 205 208 29 207 28 217 218 219 32 106 130 109 124 17 153 156 136 135 140
b 3 512 488 491 509 504 503 513 510 490 125 128 151 486 489 497 499 502 485 500 175 181 496 520 526 527
b 4 246 201 202 191 26 200 197 185 189 198 199 183 203 190 27 184 182 252 39 38 267 257 256 255 261
b 5 91 235 232 236 105 97 117 122 116 94 104 90 93 95 120 121 12 13 14 78 79 472 478 77 111
b 6 281 284 193 194 487 501 514 161 165 507 511 498 170 505 158 172 162 176 160 157 168 178 179 278 276
b 7 273 262 295 315 294 324 317 318 320 42 269 271 287 272 274 292 286 293 285 288 279 263 275 290 264
b 8 354 351 361 360 345 50 49 328 348 362 359 353 355 352 358 51 357 364 356 347 350 52 344 349 363
b 9 422 431 437 425 408 418 447 432 441 436 424 434 442 435 443 427 423 445 440 480 477 481 476 81 83
b 10 470 240 35 231 229 234 228 215 211 224 30 209 222 212 210 214 204 213 521 495 531 529 524 532 533
c 95 11 11 101 114 16 16 89 96 101 113 114 115 119 123
c 140 19 19 131 132 133 137 141 142 152 154
c 140 20 20 147 21 21 22 25 147 167 169 171 173 174 177
c 178 23 23 24 24 31 31
c 228 33 33 227 36 36 37 40 44 227 243 244 245 248 250 253 254 258 259 260 298 304 306 307 308 309 310 311 312 313 329 330 333 334 340 341 346 456 458 534 540 541 542
c 293 41 41 265 289 43 43 265 268 277 282 289
c 317 45 45 321 322 325 331 332
c 362 46 46 314 47 47 314
c 328 48 48 53 53 56 56
c 70 57 57 382 59 59 382
c 378 61 61 63 63 73 391 394 455 457 538
c 418 64 64 85 399 413 414 415 416 417 433 460 462 464 467 474 482 483
c 537 65 65 68 68 69 69 84
c 9 71 71 72 72 72
c 75 76 76 80 80 475
c 83 82 82 88 86 86 88 473 479
c 102 92 92 98 98 99 99
c 106 100 100 107 107 108 108
c 106 110 110 112 112 118 118
c 124 126 126 127 127 138
c 29 134 134 139 139 143 143
c 129 144 144 148 148 150 150
c 156 155 155 159 159 164 166
c 178 163 163 180 180 186 186 515
c 203 187 187 192 195 188 188 192 195
c 183 196 196 216 216 492
c 386 220 220 448 449 450 451 452
c 209 221 221 223 223 230 230
c 392 233 233 247 247 249 249
c 255 251 251 266 266 270 270
c 274 280 280 283 283 291 291 296
c 315 297 297 299 299 300 303
c 344 301 301 302 305 302 302 305
c 317 316 316 319 323 326
c 318 327 327 336 336 370 371 409
c 537 338 338 343 343 365 365 366 463
c 385 367 367 368 368 374 374 380 381 407
c 373 375 375 379 384 376 376 379 383 384
c 58 377 377 387 387 390 453
c 385 393 393 395 539 395 395 539
c 66 401 401 404 404 420
c 418 405 405 406 406 410 410
c 398 411 411 419 419 421 421
c 427 428 428 439 446 429 429 439 446
c 70 430 430 438 438 444 444
c 385 454 454 459 459 461 461
c 74 468 468 471 471 493 493 506 525 530
c 527 494 494 508 508 517 518 519
c 193 516 516 522 522 528
c 521 523 523
