b 0 369 372 536 535 337 339 342 335 537 54 67 403 398 397 402 400 66 412 55 70 426 378 373 60 58 382 57 59 384 379
b 1 484 87 75 103 102 15 74 466 465 469 392 242 241 238 237 226 225 239 396 385 389 62 388 34 386 449 448 220 450 221
b 2 149 18 146 145 129 206 205 208 29 207 28 217 218 219 32 106 130 109 124 17 153 156 136 135 140 139 147 20 148 151
b 3 512 488 491 509 504 503 513 510 490 125 128 496 520 526 527 494 523 521 495 531 529 524 532 533 213 204 210 212 209 222
b 4 246 201 202 191 26 200 197 185 189 198 199 183 203 190 27 184 182 252 39 38 267 257 256 255 261 315 294 273 262 295
b 5 91 235 232 236 105 97 117 122 116 94 104 90 93 95 120 121 12 13 14 78 79 472 478 77 111 112 92 98 231 35
b 6 281 284 193 194 487 501 514 161 165 507 511 500 175 181 486 489 497 499 502 485 498 170 505 158 172 162 176 160 157 168
b 7 324 317 318 320 42 269 271 287 272 274 292 286 293 285 288 279 263 275 276 264 290 278 24 22 167 174 169 159 163 178
b 8 354 351 361 360 345 50 49 328 348 362 359 353 355 352 358 51 357 364 356 347 350 52 344 349 363 329 313 308 312 40
b 9 422 431 437 425 408 418 447 432 441 436 424 434 442 435 443 427 423 445 440 480 477 481 476 81 83 82 88 80 475 473
b 10 470 240 229 234 228 215 211 224 30 223 31 230 227 33 452 451 453 387 390 454 542 458 456 341 333 309 310 311 260 253
c 95 11
c 106 16
c 140 19
c 167 21
c 174 23
c 22 25
c 246 36
c 253 37
c 293 41
c 27 43
c 309 44
c 317 45
c 362 46
c 329 47
c 328 48
c 363 53
c 54 56
c 378 61
c 454 63
c 418 64
c 537 65
c 442 68
c 480 69
c 9 71
c 9 72
c 454 73
c 75 76
c 480 84
c 75 85
c 75 86
c 105 89
c 95 96
c 105 99
c 106 100
c 95 101
c 104 107
c 116 108
c 106 110
c 95 113
c 95 114
c 91 115
c 91 118
c 91 119
c 105 123
c 124 126
c 135 127
c 129 131
c 217 132
c 29 133
c 29 134
c 140 137
c 135 138
c 140 141
c 218 142
c 146 143
c 129 144
c 145 150
c 218 152
c 218 154
c 156 155
c 169 164
c 169 166
c 167 171
c 169 173
c 169 177
c 178 179
c 168 180
c 198 186
c 203 187
c 185 188
c 27 192
c 183 195
c 183 196
c 212 214
c 450 216
c 392 233
c 40 243
c 40 244
c 253 245
c 456 247
c 40 248
c 246 249
c 40 250
c 255 251
c 312 254
c 40 258
c 253 259
c 286 265
c 293 266
c 27 268
c 274 270
c 284 277
c 274 280
c 193 282
c 284 283
c 286 289
c 261 291
c 267 296
c 315 297
c 309 298
c 344 299
c 308 300
c 344 301
c 344 302
c 308 303
c 308 304
c 52 305
c 309 306
c 309 307
c 328 314
c 317 316
c 324 319
c 317 321
c 328 322
c 317 323
c 317 325
c 324 326
c 318 327
c 313 330
c 328 331
c 328 332
c 335 334
c 537 336
c 537 338
c 333 340
c 342 343
c 329 346
c 392 365
c 392 366
c 385 367
c 392 368
c 372 370
c 342 371
c 54 374
c 373 375
c 379 376
c 58 377
c 54 380
c 54 381
c 58 383
c 385 391
c 385 393
c 454 394
c 385 395
c 418 399
c 66 401
c 418 404
c 418 405
c 398 406
c 397 407
c 537 409
c 408 410
c 398 411
c 392 413
c 480 414
c 398 415
c 398 416
c 398 417
c 447 419
c 418 420
c 480 421
c 427 428
c 427 429
c 70 430
c 418 433
c 432 438
c 445 439
c 480 444
c 445 446
c 454 455
c 454 457
c 392 459
c 75 460
c 10 461
c 75 462
c 465 463
c 75 464
c 75 467
c 74 468
c 473 471
c 480 474
c 473 479
c 75 482
c 75 483
c 450 492
c 509 493
c 504 506
c 524 508
c 183 515
c 193 516
c 194 517
c 487 518
c 193 519
c 533 522
c 524 525
c 533 528
c 509 530
c 309 534
c 392 538
c 385 539
c 456 540
c 454 541
