b 0 369 372 536 535 337 339 342 335 537 54 67 403 398 397 402 400 66 412 55 70
b 1 484 87 75 103 102 15 74 466 465 469 392 242 241 238 237 226 225 239 396 385
b 2 149 18 146 145 129 206 205 208 29 207 28 217 218 219 32 106 130 109 124 17
b 3 512 488 491 509 504 503 513 510 490 125 128 151 486 489 497 499 502 485 500 175
b 4 246 201 202 191 26 200 197 185 189 198 199 183 203 190 27 184 182 252 39 38
b 5 91 235 232 236 105 97 117 122 116 94 104 90 93 95 120 121 12 13 14 78
b 6 281 284 193 194 487 501 514 161 165 507 511 498 170 505 181 496 520 526 527 494
b 7 273 262 295 267 257 256 255 261 315 294 324 317 318 320 42 269 271 287 272 274
b 8 354 351 361 360 345 50 49 328 348 362 359 353 355 352 358 51 357 364 356 347
b 9 422 431 437 425 408 418 447 432 441 436 424 434 442 435 443 427 423 445 440 480
b 10 470 240 35 231 229 234 62 389 388 34 386 449 448 220 450 221 209 222 212 210
c 95 11
c 106 16
c 129 19
c 18 20
c 274 21
c 274 22
c 6 23
c 274 24
c 6 25
c 209 30
c 32 31
c 234 33
c 246 36
c 0 37
c 246 40
c 315 41
c 27 43
c 342 44
c 317 45
c 362 46
c 328 47
c 328 48
c 354 52
c 49 53
c 54 56
c 70 57
c 70 58
c 70 59
c 70 60
c 412 61
c 385 63
c 418 64
c 537 65
c 442 68
c 480 69
c 9 71
c 9 72
c 369 73
c 75 76
c 1 77
c 484 79
c 484 80
c 480 81
c 75 82
c 75 83
c 480 84
c 75 85
c 75 86
c 445 88
c 105 89
c 102 92
c 95 96
c 232 98
c 105 99
c 106 100
c 95 101
c 104 107
c 116 108
c 106 110
c 121 111
c 121 112
c 95 113
c 95 114
c 91 115
c 91 118
c 91 119
c 105 123
c 124 126
c 129 127
c 129 131
c 217 132
c 29 133
c 29 134
c 18 135
c 17 136
c 145 137
c 129 138
c 18 139
c 18 140
c 145 141
c 218 142
c 146 143
c 129 144
c 18 147
c 149 148
c 145 150
c 218 152
c 17 153
c 218 154
c 104 155
c 17 156
c 165 157
c 165 158
c 170 159
c 165 160
c 487 162
c 6 163
c 170 164
c 170 166
c 274 167
c 6 168
c 170 169
c 274 171
c 165 172
c 170 173
c 274 174
c 161 176
c 170 177
c 6 178
c 6 179
c 170 180
c 198 186
c 203 187
c 185 188
c 27 192
c 183 195
c 183 196
c 28 204
c 222 211
c 28 213
c 212 214
c 222 215
c 450 216
c 32 223
c 234 224
c 234 227
c 234 228
c 35 230
c 392 233
c 255 243
c 246 244
c 246 245
c 0 247
c 246 248
c 246 249
c 246 250
c 255 251
c 246 253
c 255 254
c 255 258
c 246 259
c 246 260
c 281 263
c 274 264
c 193 265
c 315 266
c 27 268
c 274 270
c 281 275
c 281 276
c 284 277
c 6 278
c 287 279
c 274 280
c 193 282
c 284 283
c 42 285
c 287 286
c 271 288
c 287 289
c 274 290
c 261 291
c 287 292
c 318 293
c 267 296
c 315 297
c 246 298
c 360 299
c 360 300
c 360 301
c 360 302
c 360 303
c 360 304
c 351 305
c 342 306
c 360 307
c 255 308
c 246 309
c 246 310
c 0 311
c 255 312
c 38 313
c 328 314
c 317 316
c 324 319
c 317 321
c 328 322
c 317 323
c 317 325
c 324 326
c 318 327
c 328 329
c 315 330
c 328 331
c 328 332
c 342 333
c 335 334
c 537 336
c 537 338
c 342 340
c 0 341
c 342 343
c 360 344
c 328 346
c 360 349
c 354 350
c 328 363
c 392 365
c 392 366
c 385 367
c 392 368
c 372 370
c 342 371
c 412 373
c 54 374
c 54 375
c 70 376
c 70 377
c 412 378
c 364 379
c 54 380
c 54 381
c 70 382
c 70 383
c 364 384
c 389 387
c 389 390
c 385 391
c 385 393
c 369 394
c 385 395
c 418 399
c 66 401
c 418 404
c 418 405
c 398 406
c 397 407
c 537 409
c 408 410
c 398 411
c 392 413
c 480 414
c 398 415
c 398 416
c 398 417
c 447 419
c 418 420
c 480 421
c 55 426
c 427 428
c 427 429
c 70 430
c 418 433
c 432 438
c 445 439
c 480 444
c 445 446
c 449 451
c 449 452
c 389 453
c 385 454
c 369 455
c 0 456
c 369 457
c 385 458
c 392 459
c 75 460
c 10 461
c 75 462
c 465 463
c 75 464
c 75 467
c 74 468
c 484 471
c 484 472
c 75 473
c 480 474
c 14 475
c 480 476
c 440 477
c 484 478
c 75 479
c 480 481
c 75 482
c 75 483
c 450 492
c 509 493
c 494 495
c 504 506
c 509 508
c 183 515
c 193 516
c 194 517
c 487 518
c 193 519
c 494 521
c 509 522
c 494 523
c 509 524
c 509 525
c 509 528
c 509 529
c 509 530
c 189 531
c 494 532
c 494 533
c 342 534
c 392 538
c 385 539
c 0 540
c 369 541
c 385 542
